200 5
{76,60,71,4,79,39,65,94,10,6,64,23,3,22,32,78,81,98,75,68}
{37,58,35,76,20,88,78,72,70,84,17,52,83,55}
{63,39,15,7,10,77,47,50,56,53,26,20}
{30,45,20,17,71,74,47,3,49,2,37,60,4,84,18,69,63,97,33,5,35,44}
{98,70,37,71}
{70,68,85,43,45,36,12,31,27}
{72,1,16,7,24,11,78,62,36,74}
{84,8,72,61,52,59,25,64,36,37,70,71,33,12,35,53}
{64,76,51,34,80,70,90,47,18,72,63,62,29,60,5,22,32,9,66,37}
{62,58,2,82,36,12,37,77,8,88,42,39,38,44,57,60,41,10,98,53,35}
{22,32,64,91,29,1,18,33}
{25,50,53,27,15,9,35,11,12,65,58}
{79,11,96,50,24,1,28,21,71,95}
{7,12,29,43,10,8,77,64,89,20,56,45}
{41,90,93,38,43,98,44}
{89,12,21,98,16,88,93,69,64,8,40,35,23,7}
{33,68,84,18,83,63,3,60,88,55,58,54,69,36,48,87,5,79,61,49,91,28,25,64,2,6,81,76,77,1,41,44,45,59,99,12,17,98,24,10,23,56,42,29,62,92,71,7,72,80,97,30,31,22,4,94}
{52,66,19,27,85,5,17,61,34,59,36,26,94,30,33,64,79,12,25,83,72,57}
{15,95,65,99,21,8,9,51,77,5,16,61,32,30,88,59,66,63,24,7,26,38,71,48,25}
{80,79,44,8,23}
{96,25,23,33,86,32,44,63,42,77,43,95,97,1,76,37,68,83}
{40,86,68,56,15,71,55,50,79,65,13,49,1,67,85,11,57}
{18,28,66,37,41,73,49,55,26,43,79,50,91,40,53,11}
{43,71,56,88,14,12,81,63}
{37,81,19,87,26,28,7,4,9,75,15,57,32,27,31,43,21}
{5,72,78,8,15,11,32,84,46,60,80}
{27,38,74,54,13,81,50,44,37,24,9,14,45,78,94,66,33,61,25,91,57,21,22,40,85,6,86,11,47,90,80,51,55,17,34,18,7,39,58,96,35}
{40,8,37,55,25,27,51,67,39,60,38}
{46,59,42,73,64,82,57,29,63,53,3,75,60,23,15,50,10,26,33,88,89,4,5,81,41,2,85}
{17,61,79,69}
{64,7,11,19,95,10,55,26,34,82,13,12,49,4}
{14,6,67,97,98,57,83,7,63,39,86,4,22,93,70,30,76,50,78,46,75}
{28,27,16,49,78,92,86,91,77,8,81,51,33}
{97,76,49,79}
{48,51,17,62,49,38,31,64,75,52,84,68,78,10,87,7,97,19}
{30,38,57,89,99,54,3,17,68,14,70,69,78,96,6,12,76,93,1,41,73,21,91,18}
{88,98,42,55,64,23,19,58,65,18,26,20,9}
{76,83,55,16,2}
{3,31,4,62,24,81,98,97,60,92,57,1,74,42,45,23,53,39,11,66,99}
{95,58,45,91,32,51,70,3,15,60,27,10,69,8,7}
{1,57,76,90,7,73,16,55,27,83,88,48,29,17,63,60,10,94,35,11,33,62,45,41,37,44}
{10,92,21,84,36,67,96,63,3,9,19,33,66,71,1,53,31,43}
{48,94,15,50,3,4,18,72,83,7,24,38,65,79,70,30,77,19,23,87}
{13,77,11,63,42,69,72,60,91,4,82}
{2,53,50,26,66,82,65,92,61,78,63}
{9,11,13,7,84,30,58,81,4}
{14,67,75,33,48,64}
{34,1,18}
{85,65,68,90,81,97,69,37,47,48,41,1,42,38,35,61,31,57,51,92}
{25,32,50,71,42,13,27,1,40,88,80,34,90,35,92,22,89}
{82,40,79,46,91,11,58,53,81}
{64,70,80,6,2,50,79,22,49,94,31,47,69,16,67,1,98,3,36,76,4,92,26,14,83,93,89,75,8,71,82,84,30,24,88,23,9,95,15,12,33,28,41,38,86,39,7,72,60,44,11,73,18,10,78,62,20,65,48,59,55,19}
{78,26,99,39,2,25,74,63,67,62,76,92,29,1,17,54,11,8,14,21,7}
{48,50,19,14,63,30,98,46,87}
{70,69,48,34,39,42,68,56,13,16,47,41}
{58,96,27,32,75,54,73,66,3,59,37,76,12,60,26,78,49,67,21,35,53,33,51,6,70,87}
{44,79,61,12,78,93,53,21,18,70,10,22,3,38,69,94,14,87,11}
{85,41,49,10,46,80,66,72,30,55,94,47,22,83}
{92,19,67,46,26,15,94}
{43,3,36,88,41,14,72,54,52,96,89,12,9,84,50,27,4,51,91,15,58,67}
{36,74,17,66,54,92,75,13}
{55,14,15,57,44,89,30,4,88,38,84,99,20,27,98,32}
{73,60,54,93,34,98,97,39,20,94,81,37,52,69,57,16,83}
{47,70,34,36,85,38,41,51,37,72,52,4,7,68,46,58,92,5,55,6,97,32,19,81,17}
{72,86,52}
{21,57,32,24,5,70,39,80,23,92,99,95,28,84,76,16,75,78}
{83,42,25,98}
{31,15,97,12,52,84,2,94,54,63,33,68}
{85,93,27,21,83,61,77,59,26,84,19,25,57,7,5,43,51,28,50,14,49}
{8,58,98,73,30,50,86,19,39,97,76,67,54,64,15,16,53,18}
{46,92,57,22,54,7,94,48,28,15,21,81,26,12,1,67,5}
{15,70,13,78,64,62,83,51,94,42,47,85,92,23,18,58,88,1,56,65,36,90}
{67,36,1,56,15,23,83,72,27,73,82,26,29,18,76,94,71,84}
{94,56,33,98,82,3,25,15,91,24,85,51,47,66,81,44,22}
{2,29,89,38,87,90,73,66,96,11,14}
{26,65,58,8,44,12,33,81,34,89,10,75,46,20,98,5,70,54,3,56,40,29,39,87,91,38,63,21,97,1,79,28,99,71,88,83,17,11,92,50,76,4,37,94,47,69,43,55,35,95,67,86,48,19,72,84,78,30}
{34,60,89,95,92,48,66,59,82,51,52,68,15,11,55,76}
{91,87,34,5,24,93,62,35,9,64,22,49,70,37,56,72,18,69,40,88,94,39}
{59,24,77}
{14,76,69,97,46,35,34,29,56,10,79,57,11,22,38,36,92,12,42,60,7,65,23,49,88,78}
{3,25,30,24,31,34,50}
{15,46,65,85,76,94,81,43,29,17,25,58,34}
{75,28,1,95,32,55,37,10,59,41,25,9}
{15,94,68,85,43,38,58,44,67,93,56,13,51,86,96,82,41,26,54,9,24,74}
{7,22,49,37,51,72}
{53,35,84,7,14,94,85,37,57,28,9,17,33,16,43,83,91,11}
{11,35,95,41,19}
{2,64,17,19,60,42,11,20,87,80,66}
{62,50,87,9,49,88,56,28}
{34,24,17,88,46,37,71,57,15,91,12,98,4,64,11,48,53,33,55,72,13,56}
{97,2,76,20,73,1,64,5,56,19,47,95,28,9,29,94,40,96,3}
{29,16,48,10,70,89,66,42,51,44,94,19}
{53,76,87,94,46,12}
{36,54,71,39,34,35,74,38}
{25,17,44,38,10,18,9,27,34,95,29,13,86,32,49,16,45,92,73,71,15,47}
{40,94,26,75,42,79,59,29,92,69,25,18,17,37,53,48,12,16,65,71,3,99,84,64,73,32,36,30,24,80,19,76,81,56,87,21,9,74}
{44,2,58,1,38,92,51,60,75,74,9,11,56,21,50,4,96,82,69,17,98,94}
{60,43,20,17,42,92,96,10,39,87,78,53,52,67,94,82,12,26,14,64,34,21,30,5,3,19,99}
{39,74,80,28,98,16,11,38,84,54,34,95}
{46,40,58,98,13,51,60,32,54,59,63,26,50,94,8,91,17,72,38,61,25,27,97,90}
{62,51,76,84,12,78}
{99,12,55,53,31,72,56,97,81,13,33}
{45,63,70,13,21,62,59,97,82,28,98,15,55}
{40,69,78,45,53,47,87,13,38,86,22,46,54,73,75,35}
{32,93,84,5,15,10,14,18,16,94,24,89,2,82,60}
{76,80,1,88,53,73,29,20,27,45,15,46,21,39,93,65,87}
{74,75,5,86,55,28,89,49,67,12,94,25,30,97,1,40,76,48,96,66,90,70,24,54,61,19,72,77,58,10,79,34,69,42,33,11,92,88,35,3,85,15,52,53,37,20,22,98,82,26,44}
{29,43,22,86,11,47,82,44,81,24,40,58,45,74,61,2,48,71,97,23}
{96,15,88,78,94,51}
{83,72,90,31,65,70,30,36}
{98,58,15,40}
{91,92,70,99,83,95,71,48,80,73,86,59,82,84,30,88,94,37,87,39,36,64}
{8,33,88,62}
{77,32,4,91,84,43,12,41,75,79,39,51,56,98,6}
{13,25,26,51,93,30}
{24,57,17,58,26,52,93}
{35,63,37,95,87,91,23,71,72}
{41,67,61,68}
{31,24,30,89,47,72,34,4,51,92,33}
{69,62,78,40,33,32}
{58,4,10,55,39,92,84,94,27}
{53,80,39,82,83,15}
{42,66,38,58,96,44,56,57,64,46,67,77}
{46,63,53,37,62,41,45,19,30,92,33,82,66,6,84,94,18}
{78,71,88,10,76,65,50,25,15,22,43,91,19,47,6,85,53,70}
{87,76,57,23,69,97,56,39,42,58,55,38,60,62,75,12,63,47,30,91}
{72,76,87,93,45,25,28,75,19,24,14,88,74,68,44,48}
{27,2,5,4,78,67,94,26,6,37,34,44,73,84,60,39,89,30,1,50,31,29,48,52,49,90,13,18,98,20,87,83,43,85,82,57,25,38,70,59,66,24,17,88,28,68,79,7,41}
{82,89,12,42,72,37,57,7,23,31,80,43,41,64,70}
{8,89,69,49,25,6,31,61,54,78}
{59,78,56,19,20,82,1,34,77,21,88,25,26,63,30,48,92}
{76,37,9,74,62,67,65,86,36,46,89,17,12,10,2,70,23,8,83,75,11,38,77,29}
{26,88,27,47,16,10,75,86,65,15,83,84,44,32,2,85,72,97,36}
{1,9,65,80,45,50,88,79,30,4,64,85,56,11,78,53,13,5}
{55,53,99}
{57,39,7,71,17,22,92,75,51,82,89,84,62,58,55,20,43,29,99,6,63,60,14,93,2,10,26}
{32,69,35,98,54,26,78,23,6,74,21,66,4,14,40,45,38,82,42,27,53,94}
{48,69,17,25,86,98,92,35,1,54,80,13,42,15,44,77,81,4}
{65,98,43,29,93,84}
{19,75,22,29,58,17,27}
{99,23,15,31,85,88,45,64,59,61,26,55,37,97,2,14}
{90,62,44,93,96,95,28,36,33,63,23,5,17,15,39,76,10,24,80,81}
{2,69,41,89,25,39,75,35,21,23}
{64,81,36,92,95,5,43,12,65,31,6,80,55,4,79,94,67}
{63,74,54,56,57,89,77,90,72,81,82,3,32,27,83,44,12,37,24,6,86,43}
{69,72,92,77,75}
{43,75,24,47,72,84,25,33,18,21,40,86,64}
{43,41,35,57}
{16,99,42,26,18,85,28,2,45,69,15,77,93,6}
{46,58,11,76,54,47,21,39,79,24,14,9,95,26,6,86,17,33,96,93,12,97}
{44,68,24,56,55,18,78,4,14,54,81,51,94,77,12,79,92,52,58,16,98}
{46,75,63,76,47}
{35,25,87,93,64,56,24}
{91,19,32,16,47,26,51,44,78,55,2,65,43,82,61,10,23,87,71,74}
{20,4,26,15,28,32,2,31,3,38,92,97,6,42,89,22,35,16,41,85,68,72}
{33,5,49,48,52}
{69,14,38,87,58,48,27,23,77,49,20,56,39,46,98,93,75,41,11,90,16,7,62,51,40,96,82,45,4,6,63,24,85,70,3,86,99,12,78,53,10,33,15,89,18,43,36,79,42,88,19,13,97,92,30,73,17,9,57,59,28,50,84,35,91,95,2}
{51,39,86,65,69,93,79}
{2,9,55,58,97,77,32,12,24,72,74,65,18,86,35,21,66,60,95,44,29,79,57,68,64}
{34,19,32,62,97,86,39,72,77,36,29,66,10,21,65,37,48,94,81,15,69}
{69,63,90,68,38,85,62,64,44,86,47,11,27,66,78,30,60}
{93,6,32,72,4,52,44,18,2,34,60,96,68,66,19,47,39,88,70,97,83,42,16,64,29,76,57,79,23,91,65,37,17,48,85,95,98,13,14,77,45,50,80,10,90,58,5,11,78}
{46,86,49,37,7,17,28}
{2,15,54,7,64,92,52,32,9,57,43,76,82,30,90}
{50,13,4,49,93,40}
{65,43,90,52,26,7,51,77,49,31,4,96,17,9}
{24,13,33,14,30,77}
{90,75,13,92}
{18,38,58,14,95,10,22,8,1,93,42,35,13,60,67,48,47,89,86,90,57,68,79,85,41,88,31,32,17,5,77,55,27,99,97,61,98,54,73,66,28,56,44,91,15,72,33,12,3,75,25,84,53,4,7,20}
{21,22,17,71,61,20,37,4,80,70}
{89,84,48,1,18,83,19,80,87,71,79,12,36,24,92,67,60,69,28,86,13,49,57,72,46,30,50,22,66,38,10,56,75,88,91,63}
{20,8,66,36,1,34,46,21,95,69,2,58,39,32}
{56,18,64,86,43,36,8,59}
{96,41,1,35,61,47,65,88,5,53,72,59,36,71,86,81,3,4,38,40,63,70,32}
{99,54,97,52,70,47,98,24,56,95,35,41,29,61,13,79,22,4}
{61,60,2,4,81,21,58,9,67,55,8}
{33,82,62,53,13,30,84,97,17,20,35,19,7,6,68,93,72,10,51,23,42,88,24,12,96,70}
{31,83,14,49,15,13,30,53,12,72}
{4,85,74,25,43,1,2,91,31,50,57,41,89,30,13}
{11,66,23,41,72,86,89,5,49,33,59}
{68,26,13,80,45,87,46,18,28,83,43,12,50,81,44,23,61,53,9,15,27,99}
{78,26,34,75,20}
{67,76,97,53,10,21,80,90,65,46}
{45,37,82,5,21,52,54,95,7,96}
{29,83,54,67,8,79,18}
{18,48,16,62,38,75,86,64,99,80,58}
{41,11,58,20,31,94,95,88,43,82,83,19,69}
{82,51,17,95,50,36,41,40,31,34,55,48,94,8,5,81,24,27,30,60,7,58,39,85,6,90,74}
{74,69,60,5}
{7,55,46,45,50,62}
{53,15,98,72,63,81,58,48,24,37}
{71,79,51,55,2,22,4,59,42,40,92,23,89,31,66,18,25}
{4,70,14,77,74,31,88,48,53,80,49,79,61,9,50,26,1,95,99,41,56}
{16,32,87,45,70,25,79,77,68,26,5,80,95,41,19,47,27,71}
{7,3,58,77,80}
{95,57,74,79,77,10,61,84,12,27,9}
{59,63,27,68,77,16,25,29,30,15,96,85,42,70,8,2}
{62,85,23,38,4,57,5,91,97}
{55,29,49,87,19,79}
{74,29,69,41,72,43,27,12,8,34,79,10,14,1,68}
